"filling_amount""specific_ gravity""pH","place""Filling_temperature""Max_Temperature""temperature_difference""F0"
206,	1.0435,	7.44,	20,	9.5,	134.4,	124.9,	127.2
206,	1.0435,	7.44,	20,	9.5,	134.6,	125.1,	140.7
206,	1.0435,	7.44,	16,	9.7,	133.9,	124.2,	100.8
206,	1.0435,	7.44,	16,	10.3,	134.3,	124.0,	112.4
206,	1.0435,	7.44,	12,	9.3,	134.1,	124.8,	97.6
206,	1.0435,	7.44,	12,	9.7,	134.2,	124.5,	109.2
206,	1.0435,	7.44,	4,	10.6,	134.2,	123.6,	108.6
206,	1.0435,	7.44,	4,	9.4,	133.7,	124.3,	93.3
207,	1.0375,	7.84,	16,	8.0,	133.4,	125.4,	77.2
207,	1.0375,	7.84,	16,	8.0,	134.2,	126.2,	112.0
207,	1.0375,	7.84,	12,	9.7,	133.9,	124.2,	103.1
207,	1.0375,	7.84,	12,	10.0,	133.3,	123.3,	77.7
207,	1.0375,	7.84,	8,	8.8,	133.1,	124.3,	69.8
207,	1.0375,	7.84,	8,	8.1,	133.8,	125.7,	88.5
207,	1.0375,	7.84,	4,	10.0,	133.9,	123.9,	97.5
207,	1.0375,	7.84,	4,	8.1,	133.5,	125.4,	81.2
213,	1.0374,	7.88,	20,	7.1,	134.5,	127.4,	132.3
213,	1.0374,	7.88,	20,	7.1,	134.4,	127.3,	127
213,	1.0374,	7.88,	12,	7.1,	134.2,	127.1,	113.9
213,	1.0374,	7.88,	12,	7.1,	134.2,	127.1,	109.5
213,	1.0374,	7.88,	8,	7.0,	134.2,	127.2,	106.4
213,	1.0374,	7.88,	8,	8.9,	134.2,	125.3,	106.5
213,	1.0374,	7.88,	4,	7.8,	134.8,	127.0,	162.4
205,	1.038,	7.85,	20,	6.5,	134.6,	128.1,	133.2
205,	1.038,	7.85,	20,	6.5,	134.4,	127.9,	125.0
205,	1.038,	7.85,	16,	6.3,	134.3,	128.0,	122.9
205,	1.038,	7.85,	16,	7.7,	134.2,	126.5,	109.7
205,	1.038,	7.85,	8,	7.0,	134.2,	127.2,	111.4
205,	1.038,	7.85,	8,	6.8,	134.4,	127.6,	125.5
205,	1.038,	7.85,	4,	6.7,	134.3,	127.6,	121.5
205,	1.038,	7.85,	4,	7.7,	130.6,	122.9,	47.3
207,	1.0383,	7.67,	20,	6.3,	134.4,	128.1,	116.7
207,	1.0383,	7.67,	20,	7.5,	134.4,	126.9,	128.5
207,	1.0383,	7.67,	16,	6.7,	134.3,	127.6,	116.3
207,	1.0383,	7.67,	16,	6.4,	134.4,	128.0,	126.8
207,	1.0383,	7.67,	8,	6.5,	134.3,	127.8,	106.8
207,	1.0383,	7.67,	8,	6.7,	134.4,	127.7,	111.9
207,	1.0383,	7.67,	4,	6.5,	134.2,	127.7,	107.3
207,	1.0383,	7.67,	4,  7.9,	130.7,	122.8,	50.3
